{
 "cells": [
  {
   "cell_type": "markdown",
   "metadata": {},
   "source": [
    "### Inputs and Imports"
   ]
  },
  {
   "cell_type": "code",
   "execution_count": 2,
   "metadata": {},
   "outputs": [],
   "source": [
    "import re\n",
    "\n",
    "input_file_list = []\n",
    "sample_input_file_list = []\n",
    "\n",
    "day = '04'\n",
    "\n",
    "with open(f'Inputs\\\\day_{day}.txt', 'r') as input_file: \n",
    "    for line in input_file.readlines(): \n",
    "        input_file_list.append(line.rstrip('\\n'))\n",
    "with open(f'Inputs\\\\day_{day}_sample.txt', 'r') as input_file: \n",
    "    for line in input_file.readlines(): \n",
    "        sample_input_file_list.append(line.rstrip('\\n'))    \n",
    "\n",
    "########################        \n",
    "# Part One Sample Answer:\n",
    "    # winning card = ['card 3 - rows', [], [10, 16, 15, 19], [18, 8, 26, 20], [22, 13, 6], [12, 3]]\n",
    "    # final_number_called = 24\n",
    "    # summed remaining bingo numbers x final number called = 4512\n",
    "########################\n",
    "# Part Two Sample Answer:\n",
    "    # The last winning card = [['card 2 - columns', 'card 2'], [3, 19, 20], [15, 18, 8], [], [25, 12], [22, 6]]\n",
    "    # The last number called = 13\n",
    "    # summed remaining bingo numbers x final number called = 1924\n",
    "########################"
   ]
  },
  {
   "cell_type": "markdown",
   "metadata": {},
   "source": [
    "### Part One\n",
    "\n",
    "It's a game of bingo! (Against a giant squid.....)\n",
    "\n",
    "The input is a list of numbers to call followed by a series of 5x5 bingo cards, each separated by a blank row. \n",
    "\n",
    "The task is to find the first card to win in order to beat a squid in a game of bingo. \n",
    "\n",
    "A card is deemed to have won once all the numbers in a row or column have been called out. "
   ]
  },
  {
   "cell_type": "code",
   "execution_count": 5,
   "metadata": {},
   "outputs": [
    {
     "data": {
      "text/plain": [
       "[['card 1 - rows',\n",
       "  [22, 59, 7, 10, 6],\n",
       "  [33, 36, 96, 55, 23],\n",
       "  [13, 85, 18, 29, 28],\n",
       "  [75, 46, 83, 73, 58],\n",
       "  [34, 40, 87, 56, 98]],\n",
       " ['card 1 - columns',\n",
       "  [22, 33, 13, 75, 34],\n",
       "  [59, 36, 85, 46, 40],\n",
       "  [7, 96, 18, 83, 87],\n",
       "  [10, 55, 29, 73, 56],\n",
       "  [6, 23, 28, 58, 98]],\n",
       " ['card 2 - rows',\n",
       "  [73, 96, 47, 14, 10],\n",
       "  [28, 11, 79, 84, 20],\n",
       "  [74, 30, 0, 59, 71],\n",
       "  [80, 93, 42, 22, 17],\n",
       "  [44, 2, 81, 29, 15]],\n",
       " ['card 2 - columns',\n",
       "  [73, 28, 74, 80, 44],\n",
       "  [96, 11, 30, 93, 2],\n",
       "  [47, 79, 0, 42, 81],\n",
       "  [14, 84, 59, 22, 29],\n",
       "  [10, 20, 71, 17, 15]],\n",
       " ['card 3 - rows',\n",
       "  [73, 32, 37, 93, 39],\n",
       "  [2, 87, 38, 99, 97],\n",
       "  [15, 12, 42, 49, 33],\n",
       "  [9, 23, 25, 94, 19],\n",
       "  [57, 4, 18, 70, 79]],\n",
       " ['card 3 - columns',\n",
       "  [73, 2, 15, 9, 57],\n",
       "  [32, 87, 12, 23, 4],\n",
       "  [37, 38, 42, 25, 18],\n",
       "  [93, 99, 49, 94, 70],\n",
       "  [39, 97, 33, 19, 79]],\n",
       " ['card 4 - rows',\n",
       "  [43, 79, 59, 71, 78],\n",
       "  [51, 97, 37, 28, 26],\n",
       "  [46, 21, 84, 8, 86],\n",
       "  [96, 30, 17, 34, 49],\n",
       "  [55, 90, 99, 75, 61]],\n",
       " ['card 4 - columns',\n",
       "  [43, 51, 46, 96, 55],\n",
       "  [79, 97, 21, 30, 90],\n",
       "  [59, 37, 84, 17, 99],\n",
       "  [71, 28, 8, 34, 75],\n",
       "  [78, 26, 86, 49, 61]],\n",
       " ['card 5 - rows',\n",
       "  [43, 86, 35, 51, 24],\n",
       "  [16, 25, 29, 21, 3],\n",
       "  [2, 13, 4, 36, 54],\n",
       "  [89, 27, 8, 85, 34],\n",
       "  [96, 59, 65, 14, 56]],\n",
       " ['card 5 - columns',\n",
       "  [43, 16, 2, 89, 96],\n",
       "  [86, 25, 13, 27, 59],\n",
       "  [35, 29, 4, 8, 65],\n",
       "  [51, 21, 36, 85, 14],\n",
       "  [24, 3, 54, 34, 56]],\n",
       " ['card 6 - rows',\n",
       "  [5, 57, 43, 4, 1],\n",
       "  [86, 80, 67, 30, 20],\n",
       "  [22, 16, 99, 0, 14],\n",
       "  [40, 25, 59, 91, 54],\n",
       "  [82, 95, 96, 37, 24]],\n",
       " ['card 6 - columns',\n",
       "  [5, 86, 22, 40, 82],\n",
       "  [57, 80, 16, 25, 95],\n",
       "  [43, 67, 99, 59, 96],\n",
       "  [4, 30, 0, 91, 37],\n",
       "  [1, 20, 14, 54, 24]],\n",
       " ['card 7 - rows',\n",
       "  [97, 20, 87, 66, 21],\n",
       "  [25, 40, 9, 78, 89],\n",
       "  [52, 75, 95, 63, 62],\n",
       "  [32, 43, 13, 47, 69],\n",
       "  [53, 48, 56, 29, 4]],\n",
       " ['card 7 - columns',\n",
       "  [97, 25, 52, 32, 53],\n",
       "  [20, 40, 75, 43, 48],\n",
       "  [87, 9, 95, 13, 56],\n",
       "  [66, 78, 63, 47, 29],\n",
       "  [21, 89, 62, 69, 4]],\n",
       " ['card 8 - rows',\n",
       "  [24, 4, 65, 12, 8],\n",
       "  [76, 3, 81, 99, 49],\n",
       "  [45, 33, 31, 66, 34],\n",
       "  [17, 94, 75, 35, 88],\n",
       "  [64, 10, 7, 93, 95]],\n",
       " ['card 8 - columns',\n",
       "  [24, 76, 45, 17, 64],\n",
       "  [4, 3, 33, 94, 10],\n",
       "  [65, 81, 31, 75, 7],\n",
       "  [12, 99, 66, 35, 93],\n",
       "  [8, 49, 34, 88, 95]],\n",
       " ['card 9 - rows',\n",
       "  [88, 20, 99, 15, 83],\n",
       "  [81, 40, 5, 6, 98],\n",
       "  [49, 74, 18, 27, 9],\n",
       "  [43, 69, 28, 37, 71],\n",
       "  [87, 82, 90, 14, 47]],\n",
       " ['card 9 - columns',\n",
       "  [88, 81, 49, 43, 87],\n",
       "  [20, 40, 74, 69, 82],\n",
       "  [99, 5, 18, 28, 90],\n",
       "  [15, 6, 27, 37, 14],\n",
       "  [83, 98, 9, 71, 47]],\n",
       " ['card 10 - rows',\n",
       "  [21, 97, 92, 42, 60],\n",
       "  [11, 65, 98, 95, 29],\n",
       "  [2, 49, 75, 20, 74],\n",
       "  [56, 40, 78, 66, 81],\n",
       "  [68, 4, 46, 77, 61]],\n",
       " ['card 10 - columns',\n",
       "  [21, 11, 2, 56, 68],\n",
       "  [97, 65, 49, 40, 4],\n",
       "  [92, 98, 75, 78, 46],\n",
       "  [42, 95, 20, 66, 77],\n",
       "  [60, 29, 74, 81, 61]],\n",
       " ['card 11 - rows',\n",
       "  [26, 14, 39, 76, 11],\n",
       "  [41, 74, 34, 91, 4],\n",
       "  [51, 9, 97, 29, 75],\n",
       "  [83, 86, 23, 35, 77],\n",
       "  [90, 2, 49, 30, 89]],\n",
       " ['card 11 - columns',\n",
       "  [26, 41, 51, 83, 90],\n",
       "  [14, 74, 9, 86, 2],\n",
       "  [39, 34, 97, 23, 49],\n",
       "  [76, 91, 29, 35, 30],\n",
       "  [11, 4, 75, 77, 89]],\n",
       " ['card 12 - rows',\n",
       "  [34, 97, 0, 22, 15],\n",
       "  [65, 60, 82, 66, 47],\n",
       "  [30, 9, 49, 95, 48],\n",
       "  [54, 73, 67, 17, 78],\n",
       "  [33, 96, 44, 1, 32]],\n",
       " ['card 12 - columns',\n",
       "  [34, 65, 30, 54, 33],\n",
       "  [97, 60, 9, 73, 96],\n",
       "  [0, 82, 49, 67, 44],\n",
       "  [22, 66, 95, 17, 1],\n",
       "  [15, 47, 48, 78, 32]],\n",
       " ['card 13 - rows',\n",
       "  [90, 29, 10, 49, 63],\n",
       "  [8, 26, 95, 61, 0],\n",
       "  [54, 13, 51, 12, 44],\n",
       "  [32, 48, 16, 47, 84],\n",
       "  [55, 46, 93, 14, 3]],\n",
       " ['card 13 - columns',\n",
       "  [90, 8, 54, 32, 55],\n",
       "  [29, 26, 13, 48, 46],\n",
       "  [10, 95, 51, 16, 93],\n",
       "  [49, 61, 12, 47, 14],\n",
       "  [63, 0, 44, 84, 3]],\n",
       " ['card 14 - rows',\n",
       "  [68, 55, 46, 16, 54],\n",
       "  [97, 59, 49, 6, 21],\n",
       "  [52, 32, 15, 96, 70],\n",
       "  [57, 56, 61, 51, 0],\n",
       "  [40, 31, 62, 24, 48]],\n",
       " ['card 14 - columns',\n",
       "  [68, 97, 52, 57, 40],\n",
       "  [55, 59, 32, 56, 31],\n",
       "  [46, 49, 15, 61, 62],\n",
       "  [16, 6, 96, 51, 24],\n",
       "  [54, 21, 70, 0, 48]],\n",
       " ['card 15 - rows',\n",
       "  [75, 56, 70, 42, 14],\n",
       "  [77, 9, 23, 62, 25],\n",
       "  [29, 27, 54, 17, 2],\n",
       "  [55, 72, 43, 15, 96],\n",
       "  [45, 30, 88, 86, 1]],\n",
       " ['card 15 - columns',\n",
       "  [75, 77, 29, 55, 45],\n",
       "  [56, 9, 27, 72, 30],\n",
       "  [70, 23, 54, 43, 88],\n",
       "  [42, 62, 17, 15, 86],\n",
       "  [14, 25, 2, 96, 1]],\n",
       " ['card 16 - rows',\n",
       "  [65, 12, 22, 6, 51],\n",
       "  [77, 81, 15, 91, 19],\n",
       "  [80, 71, 27, 89, 52],\n",
       "  [75, 92, 41, 83, 57],\n",
       "  [40, 44, 66, 84, 98]],\n",
       " ['card 16 - columns',\n",
       "  [65, 77, 80, 75, 40],\n",
       "  [12, 81, 71, 92, 44],\n",
       "  [22, 15, 27, 41, 66],\n",
       "  [6, 91, 89, 83, 84],\n",
       "  [51, 19, 52, 57, 98]],\n",
       " ['card 17 - rows',\n",
       "  [89, 80, 73, 59, 18],\n",
       "  [74, 55, 67, 71, 10],\n",
       "  [78, 27, 37, 57, 3],\n",
       "  [92, 26, 17, 5, 72],\n",
       "  [52, 83, 28, 76, 51]],\n",
       " ['card 17 - columns',\n",
       "  [89, 74, 78, 92, 52],\n",
       "  [80, 55, 27, 26, 83],\n",
       "  [73, 67, 37, 17, 28],\n",
       "  [59, 71, 57, 5, 76],\n",
       "  [18, 10, 3, 72, 51]],\n",
       " ['card 18 - rows',\n",
       "  [64, 0, 87, 4, 13],\n",
       "  [14, 43, 42, 62, 31],\n",
       "  [17, 84, 72, 91, 83],\n",
       "  [53, 80, 59, 61, 74],\n",
       "  [47, 22, 38, 28, 77]],\n",
       " ['card 18 - columns',\n",
       "  [64, 14, 17, 53, 47],\n",
       "  [0, 43, 84, 80, 22],\n",
       "  [87, 42, 72, 59, 38],\n",
       "  [4, 62, 91, 61, 28],\n",
       "  [13, 31, 83, 74, 77]],\n",
       " ['card 19 - rows',\n",
       "  [65, 49, 91, 94, 19],\n",
       "  [25, 81, 64, 57, 9],\n",
       "  [50, 95, 82, 12, 66],\n",
       "  [53, 54, 85, 36, 11],\n",
       "  [31, 56, 83, 18, 60]],\n",
       " ['card 19 - columns',\n",
       "  [65, 25, 50, 53, 31],\n",
       "  [49, 81, 95, 54, 56],\n",
       "  [91, 64, 82, 85, 83],\n",
       "  [94, 57, 12, 36, 18],\n",
       "  [19, 9, 66, 11, 60]],\n",
       " ['card 20 - rows',\n",
       "  [6, 12, 76, 37, 33],\n",
       "  [14, 96, 16, 31, 40],\n",
       "  [17, 82, 27, 94, 83],\n",
       "  [1, 50, 49, 9, 54],\n",
       "  [29, 70, 59, 91, 77]],\n",
       " ['card 20 - columns',\n",
       "  [6, 14, 17, 1, 29],\n",
       "  [12, 96, 82, 50, 70],\n",
       "  [76, 16, 27, 49, 59],\n",
       "  [37, 31, 94, 9, 91],\n",
       "  [33, 40, 83, 54, 77]],\n",
       " ['card 21 - rows',\n",
       "  [85, 0, 33, 41, 16],\n",
       "  [7, 86, 80, 53, 65],\n",
       "  [94, 19, 28, 35, 32],\n",
       "  [4, 55, 93, 97, 63],\n",
       "  [83, 22, 67, 56, 36]],\n",
       " ['card 21 - columns',\n",
       "  [85, 7, 94, 4, 83],\n",
       "  [0, 86, 19, 55, 22],\n",
       "  [33, 80, 28, 93, 67],\n",
       "  [41, 53, 35, 97, 56],\n",
       "  [16, 65, 32, 63, 36]],\n",
       " ['card 22 - rows',\n",
       "  [28, 70, 65, 17, 19],\n",
       "  [88, 51, 15, 73, 12],\n",
       "  [11, 49, 80, 23, 42],\n",
       "  [26, 54, 90, 75, 29],\n",
       "  [74, 77, 91, 86, 66]],\n",
       " ['card 22 - columns',\n",
       "  [28, 88, 11, 26, 74],\n",
       "  [70, 51, 49, 54, 77],\n",
       "  [65, 15, 80, 90, 91],\n",
       "  [17, 73, 23, 75, 86],\n",
       "  [19, 12, 42, 29, 66]],\n",
       " ['card 23 - rows',\n",
       "  [88, 22, 83, 10, 43],\n",
       "  [57, 34, 15, 23, 8],\n",
       "  [94, 42, 68, 67, 37],\n",
       "  [84, 3, 6, 71, 62],\n",
       "  [89, 45, 72, 55, 38]],\n",
       " ['card 23 - columns',\n",
       "  [88, 57, 94, 84, 89],\n",
       "  [22, 34, 42, 3, 45],\n",
       "  [83, 15, 68, 6, 72],\n",
       "  [10, 23, 67, 71, 55],\n",
       "  [43, 8, 37, 62, 38]],\n",
       " ['card 24 - rows',\n",
       "  [68, 27, 93, 7, 15],\n",
       "  [85, 96, 1, 56, 6],\n",
       "  [32, 2, 30, 55, 17],\n",
       "  [99, 90, 37, 80, 50],\n",
       "  [77, 78, 58, 98, 57]],\n",
       " ['card 24 - columns',\n",
       "  [68, 85, 32, 99, 77],\n",
       "  [27, 96, 2, 90, 78],\n",
       "  [93, 1, 30, 37, 58],\n",
       "  [7, 56, 55, 80, 98],\n",
       "  [15, 6, 17, 50, 57]],\n",
       " ['card 25 - rows',\n",
       "  [5, 95, 22, 13, 97],\n",
       "  [19, 2, 52, 92, 20],\n",
       "  [75, 49, 86, 31, 41],\n",
       "  [51, 63, 56, 33, 10],\n",
       "  [82, 27, 79, 94, 57]],\n",
       " ['card 25 - columns',\n",
       "  [5, 19, 75, 51, 82],\n",
       "  [95, 2, 49, 63, 27],\n",
       "  [22, 52, 86, 56, 79],\n",
       "  [13, 92, 31, 33, 94],\n",
       "  [97, 20, 41, 10, 57]],\n",
       " ['card 26 - rows',\n",
       "  [15, 44, 91, 26, 4],\n",
       "  [41, 78, 53, 95, 86],\n",
       "  [90, 92, 46, 56, 33],\n",
       "  [80, 93, 68, 66, 70],\n",
       "  [36, 10, 38, 0, 6]],\n",
       " ['card 26 - columns',\n",
       "  [15, 41, 90, 80, 36],\n",
       "  [44, 78, 92, 93, 10],\n",
       "  [91, 53, 46, 68, 38],\n",
       "  [26, 95, 56, 66, 0],\n",
       "  [4, 86, 33, 70, 6]],\n",
       " ['card 27 - rows',\n",
       "  [11, 47, 52, 64, 17],\n",
       "  [16, 60, 39, 55, 78],\n",
       "  [46, 18, 33, 83, 35],\n",
       "  [13, 92, 4, 23, 50],\n",
       "  [40, 5, 29, 6, 90]],\n",
       " ['card 27 - columns',\n",
       "  [11, 16, 46, 13, 40],\n",
       "  [47, 60, 18, 92, 5],\n",
       "  [52, 39, 33, 4, 29],\n",
       "  [64, 55, 83, 23, 6],\n",
       "  [17, 78, 35, 50, 90]],\n",
       " ['card 28 - rows',\n",
       "  [20, 60, 2, 23, 74],\n",
       "  [43, 39, 91, 75, 12],\n",
       "  [58, 67, 50, 29, 79],\n",
       "  [10, 40, 92, 95, 25],\n",
       "  [13, 24, 53, 72, 36]],\n",
       " ['card 28 - columns',\n",
       "  [20, 43, 58, 10, 13],\n",
       "  [60, 39, 67, 40, 24],\n",
       "  [2, 91, 50, 92, 53],\n",
       "  [23, 75, 29, 95, 72],\n",
       "  [74, 12, 79, 25, 36]],\n",
       " ['card 29 - rows',\n",
       "  [69, 64, 15, 53, 86],\n",
       "  [61, 11, 48, 71, 27],\n",
       "  [26, 93, 38, 70, 73],\n",
       "  [96, 29, 30, 98, 45],\n",
       "  [13, 7, 31, 59, 84]],\n",
       " ['card 29 - columns',\n",
       "  [69, 61, 26, 96, 13],\n",
       "  [64, 11, 93, 29, 7],\n",
       "  [15, 48, 38, 30, 31],\n",
       "  [53, 71, 70, 98, 59],\n",
       "  [86, 27, 73, 45, 84]],\n",
       " ['card 30 - rows',\n",
       "  [13, 55, 50, 54, 57],\n",
       "  [32, 24, 45, 5, 77],\n",
       "  [82, 86, 0, 4, 99],\n",
       "  [75, 72, 14, 40, 56],\n",
       "  [76, 94, 89, 17, 30]],\n",
       " ['card 30 - columns',\n",
       "  [13, 32, 82, 75, 76],\n",
       "  [55, 24, 86, 72, 94],\n",
       "  [50, 45, 0, 14, 89],\n",
       "  [54, 5, 4, 40, 17],\n",
       "  [57, 77, 99, 56, 30]],\n",
       " ['card 31 - rows',\n",
       "  [66, 71, 86, 41, 0],\n",
       "  [80, 64, 3, 29, 78],\n",
       "  [23, 21, 42, 99, 87],\n",
       "  [96, 60, 75, 61, 49],\n",
       "  [2, 83, 85, 12, 1]],\n",
       " ['card 31 - columns',\n",
       "  [66, 80, 23, 96, 2],\n",
       "  [71, 64, 21, 60, 83],\n",
       "  [86, 3, 42, 75, 85],\n",
       "  [41, 29, 99, 61, 12],\n",
       "  [0, 78, 87, 49, 1]],\n",
       " ['card 32 - rows',\n",
       "  [78, 96, 4, 82, 6],\n",
       "  [73, 36, 57, 99, 8],\n",
       "  [11, 83, 15, 35, 30],\n",
       "  [85, 87, 25, 22, 66],\n",
       "  [32, 64, 16, 50, 43]],\n",
       " ['card 32 - columns',\n",
       "  [78, 73, 11, 85, 32],\n",
       "  [96, 36, 83, 87, 64],\n",
       "  [4, 57, 15, 25, 16],\n",
       "  [82, 99, 35, 22, 50],\n",
       "  [6, 8, 30, 66, 43]],\n",
       " ['card 33 - rows',\n",
       "  [6, 39, 55, 2, 4],\n",
       "  [1, 61, 99, 71, 80],\n",
       "  [46, 88, 22, 31, 60],\n",
       "  [62, 66, 37, 97, 76],\n",
       "  [74, 34, 10, 52, 24]],\n",
       " ['card 33 - columns',\n",
       "  [6, 1, 46, 62, 74],\n",
       "  [39, 61, 88, 66, 34],\n",
       "  [55, 99, 22, 37, 10],\n",
       "  [2, 71, 31, 97, 52],\n",
       "  [4, 80, 60, 76, 24]],\n",
       " ['card 34 - rows',\n",
       "  [42, 38, 13, 65, 12],\n",
       "  [4, 39, 60, 62, 21],\n",
       "  [81, 99, 1, 69, 40],\n",
       "  [59, 15, 11, 95, 53],\n",
       "  [91, 78, 72, 30, 73]],\n",
       " ['card 34 - columns',\n",
       "  [42, 4, 81, 59, 91],\n",
       "  [38, 39, 99, 15, 78],\n",
       "  [13, 60, 1, 11, 72],\n",
       "  [65, 62, 69, 95, 30],\n",
       "  [12, 21, 40, 53, 73]],\n",
       " ['card 35 - rows',\n",
       "  [43, 68, 82, 72, 2],\n",
       "  [34, 92, 33, 97, 89],\n",
       "  [63, 70, 9, 0, 45],\n",
       "  [69, 10, 12, 65, 21],\n",
       "  [40, 20, 55, 57, 49]],\n",
       " ['card 35 - columns',\n",
       "  [43, 34, 63, 69, 40],\n",
       "  [68, 92, 70, 10, 20],\n",
       "  [82, 33, 9, 12, 55],\n",
       "  [72, 97, 0, 65, 57],\n",
       "  [2, 89, 45, 21, 49]],\n",
       " ['card 36 - rows',\n",
       "  [41, 22, 8, 16, 49],\n",
       "  [71, 64, 19, 65, 92],\n",
       "  [17, 10, 26, 36, 29],\n",
       "  [30, 88, 7, 54, 11],\n",
       "  [77, 55, 70, 72, 47]],\n",
       " ['card 36 - columns',\n",
       "  [41, 71, 17, 30, 77],\n",
       "  [22, 64, 10, 88, 55],\n",
       "  [8, 19, 26, 7, 70],\n",
       "  [16, 65, 36, 54, 72],\n",
       "  [49, 92, 29, 11, 47]],\n",
       " ['card 37 - rows',\n",
       "  [15, 94, 90, 6, 39],\n",
       "  [99, 55, 16, 54, 91],\n",
       "  [18, 7, 82, 44, 51],\n",
       "  [25, 34, 83, 14, 12],\n",
       "  [30, 2, 77, 27, 66]],\n",
       " ['card 37 - columns',\n",
       "  [15, 99, 18, 25, 30],\n",
       "  [94, 55, 7, 34, 2],\n",
       "  [90, 16, 82, 83, 77],\n",
       "  [6, 54, 44, 14, 27],\n",
       "  [39, 91, 51, 12, 66]],\n",
       " ['card 38 - rows',\n",
       "  [44, 50, 74, 97, 58],\n",
       "  [87, 42, 56, 92, 28],\n",
       "  [49, 82, 52, 17, 78],\n",
       "  [54, 89, 63, 77, 27],\n",
       "  [83, 14, 24, 16, 84]],\n",
       " ['card 38 - columns',\n",
       "  [44, 87, 49, 54, 83],\n",
       "  [50, 42, 82, 89, 14],\n",
       "  [74, 56, 52, 63, 24],\n",
       "  [97, 92, 17, 77, 16],\n",
       "  [58, 28, 78, 27, 84]],\n",
       " ['card 39 - rows',\n",
       "  [47, 32, 8, 55, 22],\n",
       "  [19, 14, 24, 82, 4],\n",
       "  [76, 73, 9, 10, 64],\n",
       "  [40, 6, 92, 67, 17],\n",
       "  [68, 44, 43, 3, 54]],\n",
       " ['card 39 - columns',\n",
       "  [47, 19, 76, 40, 68],\n",
       "  [32, 14, 73, 6, 44],\n",
       "  [8, 24, 9, 92, 43],\n",
       "  [55, 82, 10, 67, 3],\n",
       "  [22, 4, 64, 17, 54]],\n",
       " ['card 40 - rows',\n",
       "  [26, 10, 9, 92, 81],\n",
       "  [46, 98, 13, 0, 14],\n",
       "  [68, 99, 35, 18, 72],\n",
       "  [74, 33, 22, 61, 93],\n",
       "  [80, 38, 71, 6, 75]],\n",
       " ['card 40 - columns',\n",
       "  [26, 46, 68, 74, 80],\n",
       "  [10, 98, 99, 33, 38],\n",
       "  [9, 13, 35, 22, 71],\n",
       "  [92, 0, 18, 61, 6],\n",
       "  [81, 14, 72, 93, 75]],\n",
       " ['card 41 - rows',\n",
       "  [17, 23, 54, 55, 22],\n",
       "  [10, 8, 60, 76, 24],\n",
       "  [71, 28, 16, 62, 82],\n",
       "  [13, 12, 21, 78, 39],\n",
       "  [26, 66, 89, 64, 79]],\n",
       " ['card 41 - columns',\n",
       "  [17, 10, 71, 13, 26],\n",
       "  [23, 8, 28, 12, 66],\n",
       "  [54, 60, 16, 21, 89],\n",
       "  [55, 76, 62, 78, 64],\n",
       "  [22, 24, 82, 39, 79]],\n",
       " ['card 42 - rows',\n",
       "  [72, 12, 91, 79, 99],\n",
       "  [84, 18, 37, 98, 41],\n",
       "  [10, 71, 88, 23, 24],\n",
       "  [11, 34, 26, 83, 74],\n",
       "  [58, 27, 77, 5, 8]],\n",
       " ['card 42 - columns',\n",
       "  [72, 84, 10, 11, 58],\n",
       "  [12, 18, 71, 34, 27],\n",
       "  [91, 37, 88, 26, 77],\n",
       "  [79, 98, 23, 83, 5],\n",
       "  [99, 41, 24, 74, 8]],\n",
       " ['card 43 - rows',\n",
       "  [9, 90, 13, 0, 46],\n",
       "  [6, 58, 74, 92, 8],\n",
       "  [75, 77, 56, 76, 80],\n",
       "  [55, 60, 44, 68, 91],\n",
       "  [67, 28, 96, 66, 18]],\n",
       " ['card 43 - columns',\n",
       "  [9, 6, 75, 55, 67],\n",
       "  [90, 58, 77, 60, 28],\n",
       "  [13, 74, 56, 44, 96],\n",
       "  [0, 92, 76, 68, 66],\n",
       "  [46, 8, 80, 91, 18]],\n",
       " ['card 44 - rows',\n",
       "  [14, 26, 54, 21, 35],\n",
       "  [69, 67, 16, 76, 62],\n",
       "  [78, 45, 87, 44, 94],\n",
       "  [27, 89, 39, 85, 28],\n",
       "  [3, 81, 93, 64, 74]],\n",
       " ['card 44 - columns',\n",
       "  [14, 69, 78, 27, 3],\n",
       "  [26, 67, 45, 89, 81],\n",
       "  [54, 16, 87, 39, 93],\n",
       "  [21, 76, 44, 85, 64],\n",
       "  [35, 62, 94, 28, 74]],\n",
       " ['card 45 - rows',\n",
       "  [10, 28, 35, 84, 76],\n",
       "  [40, 11, 95, 59, 57],\n",
       "  [53, 4, 24, 50, 45],\n",
       "  [7, 43, 78, 17, 81],\n",
       "  [1, 74, 82, 16, 27]],\n",
       " ['card 45 - columns',\n",
       "  [10, 40, 53, 7, 1],\n",
       "  [28, 11, 4, 43, 74],\n",
       "  [35, 95, 24, 78, 82],\n",
       "  [84, 59, 50, 17, 16],\n",
       "  [76, 57, 45, 81, 27]],\n",
       " ['card 46 - rows',\n",
       "  [6, 26, 72, 53, 52],\n",
       "  [51, 91, 80, 11, 18],\n",
       "  [20, 63, 74, 25, 33],\n",
       "  [79, 4, 8, 59, 67],\n",
       "  [3, 13, 55, 81, 83]],\n",
       " ['card 46 - columns',\n",
       "  [6, 51, 20, 79, 3],\n",
       "  [26, 91, 63, 4, 13],\n",
       "  [72, 80, 74, 8, 55],\n",
       "  [53, 11, 25, 59, 81],\n",
       "  [52, 18, 33, 67, 83]],\n",
       " ['card 47 - rows',\n",
       "  [98, 85, 27, 84, 42],\n",
       "  [90, 15, 17, 61, 34],\n",
       "  [40, 64, 86, 96, 45],\n",
       "  [59, 47, 53, 5, 35],\n",
       "  [11, 7, 41, 80, 13]],\n",
       " ['card 47 - columns',\n",
       "  [98, 90, 40, 59, 11],\n",
       "  [85, 15, 64, 47, 7],\n",
       "  [27, 17, 86, 53, 41],\n",
       "  [84, 61, 96, 5, 80],\n",
       "  [42, 34, 45, 35, 13]],\n",
       " ['card 48 - rows',\n",
       "  [47, 48, 54, 31, 76],\n",
       "  [99, 32, 98, 20, 15],\n",
       "  [61, 41, 30, 94, 37],\n",
       "  [34, 59, 86, 55, 45],\n",
       "  [9, 83, 92, 53, 3]],\n",
       " ['card 48 - columns',\n",
       "  [47, 99, 61, 34, 9],\n",
       "  [48, 32, 41, 59, 83],\n",
       "  [54, 98, 30, 86, 92],\n",
       "  [31, 20, 94, 55, 53],\n",
       "  [76, 15, 37, 45, 3]],\n",
       " ['card 49 - rows',\n",
       "  [3, 80, 24, 94, 25],\n",
       "  [17, 23, 64, 76, 71],\n",
       "  [20, 97, 0, 56, 72],\n",
       "  [95, 73, 28, 59, 21],\n",
       "  [14, 81, 46, 67, 88]],\n",
       " ['card 49 - columns',\n",
       "  [3, 17, 20, 95, 14],\n",
       "  [80, 23, 97, 73, 81],\n",
       "  [24, 64, 0, 28, 46],\n",
       "  [94, 76, 56, 59, 67],\n",
       "  [25, 71, 72, 21, 88]],\n",
       " ['card 50 - rows',\n",
       "  [2, 95, 5, 38, 90],\n",
       "  [63, 62, 11, 24, 34],\n",
       "  [19, 31, 57, 84, 80],\n",
       "  [47, 86, 36, 85, 74],\n",
       "  [13, 39, 73, 94, 42]],\n",
       " ['card 50 - columns',\n",
       "  [2, 63, 19, 47, 13],\n",
       "  [95, 62, 31, 86, 39],\n",
       "  [5, 11, 57, 36, 73],\n",
       "  [38, 24, 84, 85, 94],\n",
       "  [90, 34, 80, 74, 42]],\n",
       " ['card 51 - rows',\n",
       "  [28, 6, 60, 34, 15],\n",
       "  [63, 36, 51, 30, 92],\n",
       "  [43, 10, 7, 88, 49],\n",
       "  [78, 76, 31, 19, 66],\n",
       "  [22, 20, 35, 45, 79]],\n",
       " ['card 51 - columns',\n",
       "  [28, 63, 43, 78, 22],\n",
       "  [6, 36, 10, 76, 20],\n",
       "  [60, 51, 7, 31, 35],\n",
       "  [34, 30, 88, 19, 45],\n",
       "  [15, 92, 49, 66, 79]],\n",
       " ['card 52 - rows',\n",
       "  [19, 42, 49, 57, 73],\n",
       "  [99, 50, 97, 93, 43],\n",
       "  [67, 52, 40, 16, 33],\n",
       "  [2, 55, 0, 71, 46],\n",
       "  [21, 75, 59, 66, 83]],\n",
       " ['card 52 - columns',\n",
       "  [19, 99, 67, 2, 21],\n",
       "  [42, 50, 52, 55, 75],\n",
       "  [49, 97, 40, 0, 59],\n",
       "  [57, 93, 16, 71, 66],\n",
       "  [73, 43, 33, 46, 83]],\n",
       " ['card 53 - rows',\n",
       "  [19, 86, 30, 25, 3],\n",
       "  [32, 39, 65, 54, 29],\n",
       "  [38, 6, 85, 52, 13],\n",
       "  [43, 95, 18, 44, 15],\n",
       "  [53, 70, 16, 31, 71]],\n",
       " ['card 53 - columns',\n",
       "  [19, 32, 38, 43, 53],\n",
       "  [86, 39, 6, 95, 70],\n",
       "  [30, 65, 85, 18, 16],\n",
       "  [25, 54, 52, 44, 31],\n",
       "  [3, 29, 13, 15, 71]],\n",
       " ['card 54 - rows',\n",
       "  [68, 73, 74, 83, 70],\n",
       "  [56, 15, 12, 78, 4],\n",
       "  [43, 87, 63, 90, 86],\n",
       "  [41, 16, 23, 17, 77],\n",
       "  [80, 14, 61, 30, 50]],\n",
       " ['card 54 - columns',\n",
       "  [68, 56, 43, 41, 80],\n",
       "  [73, 15, 87, 16, 14],\n",
       "  [74, 12, 63, 23, 61],\n",
       "  [83, 78, 90, 17, 30],\n",
       "  [70, 4, 86, 77, 50]],\n",
       " ['card 55 - rows',\n",
       "  [88, 28, 45, 80, 65],\n",
       "  [64, 11, 68, 33, 27],\n",
       "  [29, 70, 44, 82, 37],\n",
       "  [42, 66, 9, 32, 87],\n",
       "  [10, 24, 15, 3, 46]],\n",
       " ['card 55 - columns',\n",
       "  [88, 64, 29, 42, 10],\n",
       "  [28, 11, 70, 66, 24],\n",
       "  [45, 68, 44, 9, 15],\n",
       "  [80, 33, 82, 32, 3],\n",
       "  [65, 27, 37, 87, 46]],\n",
       " ['card 56 - rows',\n",
       "  [99, 81, 5, 62, 97],\n",
       "  [4, 36, 23, 38, 35],\n",
       "  [42, 16, 37, 98, 54],\n",
       "  [34, 41, 25, 30, 48],\n",
       "  [8, 60, 63, 89, 72]],\n",
       " ['card 56 - columns',\n",
       "  [99, 4, 42, 34, 8],\n",
       "  [81, 36, 16, 41, 60],\n",
       "  [5, 23, 37, 25, 63],\n",
       "  [62, 38, 98, 30, 89],\n",
       "  [97, 35, 54, 48, 72]],\n",
       " ['card 57 - rows',\n",
       "  [25, 33, 94, 23, 14],\n",
       "  [45, 10, 79, 30, 3],\n",
       "  [22, 28, 95, 27, 11],\n",
       "  [74, 13, 39, 84, 83],\n",
       "  [72, 88, 56, 53, 97]],\n",
       " ['card 57 - columns',\n",
       "  [25, 45, 22, 74, 72],\n",
       "  [33, 10, 28, 13, 88],\n",
       "  [94, 79, 95, 39, 56],\n",
       "  [23, 30, 27, 84, 53],\n",
       "  [14, 3, 11, 83, 97]],\n",
       " ['card 58 - rows',\n",
       "  [31, 92, 91, 84, 71],\n",
       "  [54, 90, 89, 80, 0],\n",
       "  [98, 96, 65, 66, 68],\n",
       "  [35, 39, 70, 11, 82],\n",
       "  [15, 34, 42, 52, 2]],\n",
       " ['card 58 - columns',\n",
       "  [31, 54, 98, 35, 15],\n",
       "  [92, 90, 96, 39, 34],\n",
       "  [91, 89, 65, 70, 42],\n",
       "  [84, 80, 66, 11, 52],\n",
       "  [71, 0, 68, 82, 2]],\n",
       " ['card 59 - rows',\n",
       "  [68, 71, 86, 82, 37],\n",
       "  [28, 48, 12, 34, 54],\n",
       "  [62, 55, 10, 25, 89],\n",
       "  [60, 4, 50, 21, 22],\n",
       "  [3, 2, 18, 40, 84]],\n",
       " ['card 59 - columns',\n",
       "  [68, 28, 62, 60, 3],\n",
       "  [71, 48, 55, 4, 2],\n",
       "  [86, 12, 10, 50, 18],\n",
       "  [82, 34, 25, 21, 40],\n",
       "  [37, 54, 89, 22, 84]],\n",
       " ['card 60 - rows',\n",
       "  [18, 96, 95, 47, 45],\n",
       "  [14, 51, 2, 88, 43],\n",
       "  [94, 56, 19, 15, 8],\n",
       "  [48, 65, 62, 6, 75],\n",
       "  [35, 28, 25, 72, 30]],\n",
       " ['card 60 - columns',\n",
       "  [18, 14, 94, 48, 35],\n",
       "  [96, 51, 56, 65, 28],\n",
       "  [95, 2, 19, 62, 25],\n",
       "  [47, 88, 15, 6, 72],\n",
       "  [45, 43, 8, 75, 30]],\n",
       " ['card 61 - rows',\n",
       "  [43, 85, 69, 92, 26],\n",
       "  [61, 75, 5, 73, 66],\n",
       "  [16, 87, 4, 99, 48],\n",
       "  [18, 19, 79, 23, 83],\n",
       "  [37, 88, 31, 38, 40]],\n",
       " ['card 61 - columns',\n",
       "  [43, 61, 16, 18, 37],\n",
       "  [85, 75, 87, 19, 88],\n",
       "  [69, 5, 4, 79, 31],\n",
       "  [92, 73, 99, 23, 38],\n",
       "  [26, 66, 48, 83, 40]],\n",
       " ['card 62 - rows',\n",
       "  [23, 10, 89, 84, 76],\n",
       "  [45, 39, 62, 55, 66],\n",
       "  [25, 73, 79, 43, 60],\n",
       "  [12, 69, 36, 93, 71],\n",
       "  [9, 77, 14, 58, 49]],\n",
       " ['card 62 - columns',\n",
       "  [23, 45, 25, 12, 9],\n",
       "  [10, 39, 73, 69, 77],\n",
       "  [89, 62, 79, 36, 14],\n",
       "  [84, 55, 43, 93, 58],\n",
       "  [76, 66, 60, 71, 49]],\n",
       " ['card 63 - rows',\n",
       "  [9, 24, 26, 53, 79],\n",
       "  [99, 15, 30, 50, 16],\n",
       "  [14, 95, 12, 25, 33],\n",
       "  [54, 40, 58, 46, 66],\n",
       "  [5, 23, 39, 29, 48]],\n",
       " ['card 63 - columns',\n",
       "  [9, 99, 14, 54, 5],\n",
       "  [24, 15, 95, 40, 23],\n",
       "  [26, 30, 12, 58, 39],\n",
       "  [53, 50, 25, 46, 29],\n",
       "  [79, 16, 33, 66, 48]],\n",
       " ['card 64 - rows',\n",
       "  [64, 67, 11, 10, 92],\n",
       "  [59, 99, 80, 97, 66],\n",
       "  [45, 51, 88, 47, 82],\n",
       "  [35, 27, 72, 85, 16],\n",
       "  [54, 58, 2, 1, 52]],\n",
       " ['card 64 - columns',\n",
       "  [64, 59, 45, 35, 54],\n",
       "  [67, 99, 51, 27, 58],\n",
       "  [11, 80, 88, 72, 2],\n",
       "  [10, 97, 47, 85, 1],\n",
       "  [92, 66, 82, 16, 52]],\n",
       " ['card 65 - rows',\n",
       "  [10, 97, 27, 54, 66],\n",
       "  [89, 85, 39, 99, 98],\n",
       "  [8, 68, 95, 51, 19],\n",
       "  [4, 17, 79, 87, 3],\n",
       "  [72, 43, 76, 58, 33]],\n",
       " ['card 65 - columns',\n",
       "  [10, 89, 8, 4, 72],\n",
       "  [97, 85, 68, 17, 43],\n",
       "  [27, 39, 95, 79, 76],\n",
       "  [54, 99, 51, 87, 58],\n",
       "  [66, 98, 19, 3, 33]],\n",
       " ['card 66 - rows',\n",
       "  [95, 72, 0, 18, 17],\n",
       "  [3, 42, 24, 86, 34],\n",
       "  [52, 79, 46, 58, 98],\n",
       "  [76, 77, 78, 19, 10],\n",
       "  [81, 61, 88, 85, 54]],\n",
       " ['card 66 - columns',\n",
       "  [95, 3, 52, 76, 81],\n",
       "  [72, 42, 79, 77, 61],\n",
       "  [0, 24, 46, 78, 88],\n",
       "  [18, 86, 58, 19, 85],\n",
       "  [17, 34, 98, 10, 54]],\n",
       " ['card 67 - rows',\n",
       "  [74, 70, 15, 80, 72],\n",
       "  [77, 89, 11, 19, 22],\n",
       "  [34, 59, 56, 65, 91],\n",
       "  [58, 6, 50, 40, 16],\n",
       "  [93, 30, 95, 26, 85]],\n",
       " ['card 67 - columns',\n",
       "  [74, 77, 34, 58, 93],\n",
       "  [70, 89, 59, 6, 30],\n",
       "  [15, 11, 56, 50, 95],\n",
       "  [80, 19, 65, 40, 26],\n",
       "  [72, 22, 91, 16, 85]],\n",
       " ['card 68 - rows',\n",
       "  [47, 62, 57, 6, 25],\n",
       "  [40, 79, 22, 95, 29],\n",
       "  [42, 11, 70, 10, 92],\n",
       "  [60, 53, 84, 96, 17],\n",
       "  [75, 86, 74, 89, 18]],\n",
       " ['card 68 - columns',\n",
       "  [47, 40, 42, 60, 75],\n",
       "  [62, 79, 11, 53, 86],\n",
       "  [57, 22, 70, 84, 74],\n",
       "  [6, 95, 10, 96, 89],\n",
       "  [25, 29, 92, 17, 18]],\n",
       " ['card 69 - rows',\n",
       "  [30, 42, 4, 19, 92],\n",
       "  [40, 58, 72, 7, 70],\n",
       "  [17, 98, 45, 76, 50],\n",
       "  [93, 57, 65, 79, 2],\n",
       "  [56, 94, 73, 84, 62]],\n",
       " ['card 69 - columns',\n",
       "  [30, 40, 17, 93, 56],\n",
       "  [42, 58, 98, 57, 94],\n",
       "  [4, 72, 45, 65, 73],\n",
       "  [19, 7, 76, 79, 84],\n",
       "  [92, 70, 50, 2, 62]],\n",
       " ['card 70 - rows',\n",
       "  [51, 0, 14, 7, 53],\n",
       "  [63, 36, 48, 81, 84],\n",
       "  [50, 22, 11, 88, 6],\n",
       "  [83, 99, 21, 31, 91],\n",
       "  [86, 17, 72, 42, 94]],\n",
       " ['card 70 - columns',\n",
       "  [51, 63, 50, 83, 86],\n",
       "  [0, 36, 22, 99, 17],\n",
       "  [14, 48, 11, 21, 72],\n",
       "  [7, 81, 88, 31, 42],\n",
       "  [53, 84, 6, 91, 94]],\n",
       " ['card 71 - rows',\n",
       "  [83, 0, 20, 26, 7],\n",
       "  [42, 24, 37, 86, 65],\n",
       "  [73, 82, 63, 21, 27],\n",
       "  [30, 35, 9, 47, 80],\n",
       "  [79, 53, 3, 14, 84]],\n",
       " ['card 71 - columns',\n",
       "  [83, 42, 73, 30, 79],\n",
       "  [0, 24, 82, 35, 53],\n",
       "  [20, 37, 63, 9, 3],\n",
       "  [26, 86, 21, 47, 14],\n",
       "  [7, 65, 27, 80, 84]],\n",
       " ['card 72 - rows',\n",
       "  [50, 99, 83, 86, 42],\n",
       "  [81, 36, 24, 4, 76],\n",
       "  [0, 71, 66, 41, 57],\n",
       "  [7, 54, 94, 78, 97],\n",
       "  [12, 8, 82, 45, 31]],\n",
       " ['card 72 - columns',\n",
       "  [50, 81, 0, 7, 12],\n",
       "  [99, 36, 71, 54, 8],\n",
       "  [83, 24, 66, 94, 82],\n",
       "  [86, 4, 41, 78, 45],\n",
       "  [42, 76, 57, 97, 31]],\n",
       " ['card 73 - rows',\n",
       "  [4, 91, 57, 50, 37],\n",
       "  [22, 46, 86, 24, 26],\n",
       "  [39, 54, 48, 7, 42],\n",
       "  [2, 45, 95, 29, 12],\n",
       "  [38, 25, 52, 0, 72]],\n",
       " ['card 73 - columns',\n",
       "  [4, 22, 39, 2, 38],\n",
       "  [91, 46, 54, 45, 25],\n",
       "  [57, 86, 48, 95, 52],\n",
       "  [50, 24, 7, 29, 0],\n",
       "  [37, 26, 42, 12, 72]],\n",
       " ['card 74 - rows',\n",
       "  [51, 94, 46, 44, 62],\n",
       "  [95, 60, 0, 48, 61],\n",
       "  [38, 13, 85, 32, 8],\n",
       "  [22, 56, 53, 30, 80],\n",
       "  [43, 65, 58, 68, 88]],\n",
       " ['card 74 - columns',\n",
       "  [51, 95, 38, 22, 43],\n",
       "  [94, 60, 13, 56, 65],\n",
       "  [46, 0, 85, 53, 58],\n",
       "  [44, 48, 32, 30, 68],\n",
       "  [62, 61, 8, 80, 88]],\n",
       " ['card 75 - rows',\n",
       "  [49, 76, 41, 43, 51],\n",
       "  [57, 46, 45, 82, 90],\n",
       "  [48, 33, 36, 5, 23],\n",
       "  [81, 30, 3, 61, 75],\n",
       "  [56, 70, 29, 91, 59]],\n",
       " ['card 75 - columns',\n",
       "  [49, 57, 48, 81, 56],\n",
       "  [76, 46, 33, 30, 70],\n",
       "  [41, 45, 36, 3, 29],\n",
       "  [43, 82, 5, 61, 91],\n",
       "  [51, 90, 23, 75, 59]],\n",
       " ['card 76 - rows',\n",
       "  [58, 74, 50, 47, 84],\n",
       "  [2, 1, 62, 36, 60],\n",
       "  [32, 16, 95, 43, 27],\n",
       "  [79, 12, 39, 56, 11],\n",
       "  [9, 33, 4, 25, 61]],\n",
       " ['card 76 - columns',\n",
       "  [58, 2, 32, 79, 9],\n",
       "  [74, 1, 16, 12, 33],\n",
       "  [50, 62, 95, 39, 4],\n",
       "  [47, 36, 43, 56, 25],\n",
       "  [84, 60, 27, 11, 61]],\n",
       " ['card 77 - rows',\n",
       "  [23, 84, 16, 51, 39],\n",
       "  [72, 19, 53, 64, 43],\n",
       "  [9, 44, 10, 52, 26],\n",
       "  [45, 68, 29, 56, 74],\n",
       "  [62, 42, 46, 95, 0]],\n",
       " ['card 77 - columns',\n",
       "  [23, 72, 9, 45, 62],\n",
       "  [84, 19, 44, 68, 42],\n",
       "  [16, 53, 10, 29, 46],\n",
       "  [51, 64, 52, 56, 95],\n",
       "  [39, 43, 26, 74, 0]],\n",
       " ['card 78 - rows',\n",
       "  [16, 83, 27, 85, 56],\n",
       "  [13, 41, 49, 79, 53],\n",
       "  [18, 63, 7, 60, 3],\n",
       "  [45, 15, 48, 69, 29],\n",
       "  [46, 86, 35, 34, 32]],\n",
       " ['card 78 - columns',\n",
       "  [16, 13, 18, 45, 46],\n",
       "  [83, 41, 63, 15, 86],\n",
       "  [27, 49, 7, 48, 35],\n",
       "  [85, 79, 60, 69, 34],\n",
       "  [56, 53, 3, 29, 32]],\n",
       " ['card 79 - rows',\n",
       "  [85, 2, 96, 15, 43],\n",
       "  [33, 30, 29, 53, 98],\n",
       "  [21, 55, 61, 73, 40],\n",
       "  [31, 4, 66, 75, 59],\n",
       "  [26, 32, 91, 38, 80]],\n",
       " ['card 79 - columns',\n",
       "  [85, 33, 21, 31, 26],\n",
       "  [2, 30, 55, 4, 32],\n",
       "  [96, 29, 61, 66, 91],\n",
       "  [15, 53, 73, 75, 38],\n",
       "  [43, 98, 40, 59, 80]],\n",
       " ['card 80 - rows',\n",
       "  [69, 81, 65, 30, 77],\n",
       "  [82, 22, 83, 0, 38],\n",
       "  [2, 3, 29, 47, 94],\n",
       "  [42, 55, 9, 18, 97],\n",
       "  [53, 45, 90, 31, 44]],\n",
       " ['card 80 - columns',\n",
       "  [69, 82, 2, 42, 53],\n",
       "  [81, 22, 3, 55, 45],\n",
       "  [65, 83, 29, 9, 90],\n",
       "  [30, 0, 47, 18, 31],\n",
       "  [77, 38, 94, 97, 44]],\n",
       " ['card 81 - rows',\n",
       "  [23, 86, 0, 35, 84],\n",
       "  [27, 80, 3, 64, 12],\n",
       "  [1, 96, 48, 93, 85],\n",
       "  [69, 24, 61, 15, 22],\n",
       "  [91, 72, 62, 13, 76]],\n",
       " ['card 81 - columns',\n",
       "  [23, 27, 1, 69, 91],\n",
       "  [86, 80, 96, 24, 72],\n",
       "  [0, 3, 48, 61, 62],\n",
       "  [35, 64, 93, 15, 13],\n",
       "  [84, 12, 85, 22, 76]],\n",
       " ['card 82 - rows',\n",
       "  [81, 51, 67, 60, 16],\n",
       "  [65, 48, 86, 39, 97],\n",
       "  [92, 93, 49, 77, 59],\n",
       "  [15, 94, 88, 52, 19],\n",
       "  [80, 83, 23, 61, 4]],\n",
       " ['card 82 - columns',\n",
       "  [81, 65, 92, 15, 80],\n",
       "  [51, 48, 93, 94, 83],\n",
       "  [67, 86, 49, 88, 23],\n",
       "  [60, 39, 77, 52, 61],\n",
       "  [16, 97, 59, 19, 4]],\n",
       " ['card 83 - rows',\n",
       "  [47, 84, 46, 79, 55],\n",
       "  [92, 38, 65, 42, 76],\n",
       "  [9, 58, 26, 95, 86],\n",
       "  [30, 49, 56, 69, 59],\n",
       "  [94, 4, 25, 89, 44]],\n",
       " ['card 83 - columns',\n",
       "  [47, 92, 9, 30, 94],\n",
       "  [84, 38, 58, 49, 4],\n",
       "  [46, 65, 26, 56, 25],\n",
       "  [79, 42, 95, 69, 89],\n",
       "  [55, 76, 86, 59, 44]],\n",
       " ['card 84 - rows',\n",
       "  [73, 10, 29, 0, 48],\n",
       "  [56, 40, 19, 84, 61],\n",
       "  [52, 31, 25, 86, 21],\n",
       "  [79, 55, 53, 51, 5],\n",
       "  [81, 9, 35, 72, 15]],\n",
       " ['card 84 - columns',\n",
       "  [73, 56, 52, 79, 81],\n",
       "  [10, 40, 31, 55, 9],\n",
       "  [29, 19, 25, 53, 35],\n",
       "  [0, 84, 86, 51, 72],\n",
       "  [48, 61, 21, 5, 15]],\n",
       " ['card 85 - rows',\n",
       "  [41, 95, 30, 58, 73],\n",
       "  [26, 80, 4, 21, 96],\n",
       "  [61, 92, 76, 93, 74],\n",
       "  [2, 69, 60, 8, 20],\n",
       "  [46, 98, 70, 72, 83]],\n",
       " ['card 85 - columns',\n",
       "  [41, 26, 61, 2, 46],\n",
       "  [95, 80, 92, 69, 98],\n",
       "  [30, 4, 76, 60, 70],\n",
       "  [58, 21, 93, 8, 72],\n",
       "  [73, 96, 74, 20, 83]],\n",
       " ['card 86 - rows',\n",
       "  [1, 99, 31, 4, 86],\n",
       "  [93, 64, 8, 43, 61],\n",
       "  [33, 36, 75, 90, 50],\n",
       "  [52, 13, 3, 42, 34],\n",
       "  [22, 65, 60, 18, 76]],\n",
       " ['card 86 - columns',\n",
       "  [1, 93, 33, 52, 22],\n",
       "  [99, 64, 36, 13, 65],\n",
       "  [31, 8, 75, 3, 60],\n",
       "  [4, 43, 90, 42, 18],\n",
       "  [86, 61, 50, 34, 76]],\n",
       " ['card 87 - rows',\n",
       "  [17, 63, 6, 66, 92],\n",
       "  [51, 67, 86, 88, 18],\n",
       "  [82, 83, 32, 74, 30],\n",
       "  [5, 33, 9, 28, 61],\n",
       "  [72, 75, 25, 23, 60]],\n",
       " ['card 87 - columns',\n",
       "  [17, 51, 82, 5, 72],\n",
       "  [63, 67, 83, 33, 75],\n",
       "  [6, 86, 32, 9, 25],\n",
       "  [66, 88, 74, 28, 23],\n",
       "  [92, 18, 30, 61, 60]],\n",
       " ['card 88 - rows',\n",
       "  [43, 28, 40, 53, 52],\n",
       "  [54, 12, 77, 10, 83],\n",
       "  [21, 44, 63, 0, 1],\n",
       "  [15, 22, 33, 49, 2],\n",
       "  [80, 41, 3, 46, 55]],\n",
       " ['card 88 - columns',\n",
       "  [43, 54, 21, 15, 80],\n",
       "  [28, 12, 44, 22, 41],\n",
       "  [40, 77, 63, 33, 3],\n",
       "  [53, 10, 0, 49, 46],\n",
       "  [52, 83, 1, 2, 55]],\n",
       " ['card 89 - rows',\n",
       "  [1, 97, 75, 37, 4],\n",
       "  [47, 33, 13, 21, 40],\n",
       "  [27, 62, 15, 90, 30],\n",
       "  [11, 83, 63, 36, 35],\n",
       "  [0, 12, 60, 91, 42]],\n",
       " ['card 89 - columns',\n",
       "  [1, 47, 27, 11, 0],\n",
       "  [97, 33, 62, 83, 12],\n",
       "  [75, 13, 15, 63, 60],\n",
       "  [37, 21, 90, 36, 91],\n",
       "  [4, 40, 30, 35, 42]],\n",
       " ['card 90 - rows',\n",
       "  [0, 45, 17, 88, 18],\n",
       "  [66, 10, 63, 62, 8],\n",
       "  [36, 5, 47, 39, 67],\n",
       "  [21, 3, 61, 29, 19],\n",
       "  [82, 58, 33, 6, 59]],\n",
